0
0
7F
0
0
0
3
FF
3
0
F0
0
0
ED
F0
0
0
9F
F0
0
0
FB
F0
0
0
6D
F0
0
0
45
F0
0
0
71
F0
0
0
7C
0
0
0
0
0
0
0
0
0
0
0
0
0
0
0
0
0
0
0
0
0
0
0
0
0
0
0
0
0
0
0
0
0
0
0
0
F0
0
0
F0
F0
0
0
F0
F0
0
0
F8
F0
0
0
F8
0
0
0
0
0
0
0
0
0
0
0
0
0
0
0
0
0
AC
E4
8A
C
AC
71
8A
C
AC
5C
8A
C
AC
E4
8A
C
AC
71
8A
C
AC
5C
8A
C
0
0
0
0
0
0
0
0
0
0
0
0
0
0
0
0
0
0
0
0
0
0
0
0
0
0
0
0
0
0
0
0
0
0
0
0
0
0
0
0
7
0
0
0
0
0
0
0
13
14
15
0
0
0
0
0
0
13
14
15
0
0
0
0
0
0
13
14
15
0
0
0
0
0
0
13
14
15
0
0
0
0
0
0
13
14
15
0
0
0
0
0
0
13
14
15
0
0
0
0
0
0
13
14
15
0
0
0
0
0
0
0
0
0
0
0
0
0
0
0
0
0
0
0
0
0
0
0
0
0
0
0
0
0
0
0
0
0
0
0
0
0
0
0
0
0
0
0
0
0
0
0
0
0
0
0
0
0
0
0
0
0
0
0
0
0
0
0
0
0
0
0
0
0
0
0
0
0
0
0
0
0
0
0
0
0
0
0
0
0
0
0
0
0
0
0
0
0
0
0
0
0
0
1
0
0
0
0
0
0
0
1
8
0
0
0
0
0
0
0
1
9
0
0
0
0
0
0
0
0
0
0
0
0
0
0
0
0
0
0
0
0
0
0
0
0
0
0
0
0
0
0
0
0
0
0
0
0
10
11
12
10
B
A
1F
B
A
10
11
12
11
B
A
1F
B
A
10
11
12
12
B
A
1F
B
A
10
11
12
10
B
A
1F
B
A
10
11
12
11
B
A
1F
B
A
10
11
12
12
B
A
1F
B
A
0
0
0
0
0
0
0
0
0
0
0
0
0
0
0
0
0
0
0
0
0
0
0
0
0
0
0
0
0
0
0
0
0
0
0
0
0
0
0
0
0
0
0
0
0
0
0
0
0
0
0
0
0
0
0
0
0
0
0
0
0
0
0
0
0
0
0
0
0
0
0
0
0
0
0
0
0
0
0
0
0
0
0
0
0
0
0
0
0
0
